BTCUSDT: 29277.71000000
BNBUSDT: 242.20000000
GALAAUD: 0.03960000
RDNTUSDT: 0.30490000
FLOKITRY: 0.00061710
MAVTUSD: 0.30270000
Currency less than BTCUSDT: BNBUSDT, GALAAUD, RDNTUSDT, FLOKITRY, MAVTUSD
